1,33
1,32
1,31
1,30
1,29
1,28
1,27
1,26
1,25
1,24
1,23
1,22
1,21
1,20
1,19
1,18
1,17
1,16
1,15
1,14
1,13
1,12
1,11
1,10
1,9
1,8
1,7
1,6
1,5
1,4
1,3
1,2
1,0
0,242
0,241
0,239
0,238
0,237
0,235
0,233
0,231
0,230
0,229
0,228
0,227
0,226
0,225
0,224
0,223
0,222
0,221
0,220
0,219
0,218
0,217
0,216
0,215
0,214
0,213
0,212
0,211
0,210
0,209
0,208
0,207
0,206
0,203
0,202
0,201
0,200
0,199
0,198
0,197
0,196
0,195
0,194
0,193
0,192
0,63
0,62
0,61
0,60
0,59
0,58
0,57
0,56
0,55
0,54
0,53
0,52
0,51
0,50
0,48
0,47
0,46
0,45
0,12
0,11
0,10
0,9
0,8
0,2
0,0
0,5
0,7
0,4
0,3
656,0
655,0
654,0
652,0
651,0
650,0
649,0
648,0
647,0
645,0
644,0
642,0
641,0
633,0
630,0
628,0
627,0
626,0
625,0
621,0
620,0
619,0
615,0
613,0
607,0
604,0
603,0
601,0
600,0
599,0
598,0
595,0
592,0
591,0
587,0
586,0
585,0
584,0
582,0
579,0
578,0
577,0
575,0
573,0
572,0
570,0
569,0
568,0
567,0
565,0
564,0
563,0
561,0
558,0
555,0
554,0
552,0
548,0
542,0
541,0
540,0
536,0
535,0
534,0
533,0
532,0
530,0
529,0
526,0
523,0
521,0
518,0
517,0
516,0
511,0
510,0
507,0
504,0
501,0
498,0
495,0
492,0
489,0
486,0
483,0
480,0
477,0
474,0
471,0
468,0
467,0
464,0
461,0
458,0
455,0
452,0
449,0
446,0
444,0
443,0
442,0
441,0
440,0
439,0
437,0
436,0
435,0
433,0
432,0
431,0
429,0
426,0
423,0
421,0
418,0
415,0
411,0
409,0
408,0
407,0
406,0
405,0
404,0
403,0
400,0
399,0
398,0
397,0
394,0
393,0
391,0
389,0
387,0
386,0
385,0
384,0
383,0
381,0
380,0
378,0
377,0
376,0
375,0
374,0
373,0
371,0
370,0
369,0
366,0
364,0
363,0
362,0
361,0
357,0
356,0
355,0
354,0
352,0
350,0
348,0
346,0
344,0
342,0
340,0
339,0
337,0
335,0
333,0
332,0
330,0
329,0
326,0
325,0
324,0
322,0
321,0
319,0
318,0
317,0
314,0
313,0
312,0
311,0
310,0
309,0
308,0
307,0
305,0
304,0
303,0
302,0
1,34
1,35
1,37
1,38
1,40
1,41
1,43
1,45
1,54
1,56
2,0
2,2
2,4
2,6
2,7
2,9
2,10
2,12
2,14
2,15
2,17
2,18
2,20
2,21
2,23
2,25
2,26
2,28
2,29
2,31
2,33
2,34
2,36
2,37
2,39
2,40
2,42
2,44
2,48
2,53
3,2
3,4
3,5
3,7
3,8
3,10
3,11
3,13
3,15
3,16
3,18
3,19
3,21
3,23
3,24
3,26
3,27
3,29
3,30
3,32
3,34
3,35
3,37
3,38
3,40
3,42
3,43
3,51
3,53
3,54
4,0
4,2
4,4
4,5
5,0
5,3
5,4
5,6
5,7
5,9
5,11
5,12
5,14
5,15
5,17
5,18
5,20
5,22
5,23
5,25
5,26
5,28
5,30
5,31
5,34
5,36
5,37
5,64
5,66
5,67
5,69
5,70
5,72
5,74
5,75
5,77
5,78
5,80
5,82
5,83
5,85
5,86
5,88
5,89
5,91
5,93
5,96
5,97
5,99
5,101
5,102
5,104
5,105
5,107
5,110
10,1
10,3
10,4
12,2
12,4
12,5
12,7
12,8
12,10
13,1
13,3
13,5
13,6
13,8
14,1
14,3
14,5
14,6
14,8
15,1
15,3
15,4
15,6
16,2
16,3
17,2
17,3
18,2
18,4
19,1
19,3
19,4
20,2
20,4
20,5
20,7
20,8
20,10
20,11
20,13
20,15
21,1
21,3
21,4
22,2
22,4
22,5
22,7
23,1
23,3
23,4
25,1
25,3
25,4
26,2
26,3
27,1
27,3
27,4
28,2
28,3
35,2
35,3
37,1
37,3
37,4
38,2
38,3
38,5
38,7
38,8
40,2
40,3
41,1
41,3
41,4
42,2
42,3
45,2
45,3
45,5
46,2
46,3
46,5
46,6
46,8
48,1
48,2
48,4
50,1
50,3
52,1
52,3
54,1
54,2
54,4
55,1
55,3
56,1
56,2
56,4
58,1
58,3
58,4
59,2
61,1
61,2
61,4
62,1
62,3
63,1
63,2
63,4
63,5
63,7
64,1
64,3
65,1
65,2
65,4
66,1
66,3
67,1
67,2
67,4
68,1
68,3
69,2
69,3
70,1
70,2
70,4
70,5
71,1
71,3
71,4
73,2
73,3
74,1
74,3
74,4
75,2
75,3
76,1
76,2
76,4
77,1
77,2
78,1
78,2
79,1
79,3
80,1
80,3
81,1
81,3
81,4
81,6
82,1
82,2
82,4
83,1
83,3
84,2
84,3
85,2
85,3
85,5
86,2
86,3
87,1
87,2
87,4
88,1
88,3
89,1
89,2
89,4
90,1
90,3
91,1
91,2
91,4
92,1
92,3
93,1
93,3
94,1
94,2
94,4
95,1
95,3
96,2
96,3
97,2
97,3
98,2
98,3
99,1
99,3
100,1
100,3
100,4
101,2
101,4
102,1
102,3
103,1
103,3
104,1
104,3
105,2
105,3
105,5
105,6
106,1
106,3
107,1
107,3
107,4
108,2
109,1
109,2
109,4
110,1
110,3
110,4
111,2
111,4
112,1
112,3
112,4
113,2
113,4
114,1
114,3
114,4
115,2
115,3
116,1
116,3
116,4
118,2
118,3
118,5
119,2
119,3
120,1
120,2
120,4
121,1
121,3
122,1
122,2
122,4
123,1
123,3
125,1
125,2
125,4
148,1
148,3
150,1
150,2
150,4
150,5
150,7
150,8
150,10
152,1
152,2
152,4
154,1
154,3
155,1
155,2
157,1
157,2
157,4
159,1
159,3
160,1
160,2
161,1
161,2
161,4
163,2
163,3
165,1
165,2
165,4
166,1
166,3
166,5
166,6
166,8
166,9
167,2
167,4
169,1
169,3
169,4
171,2
171,4
172,1
172,3
173,1
173,3
173,4
174,2
174,4
174,5
174,7
174,8
175,2
175,4
177,1
177,3
177,4
178,2
178,3
178,5
179,1
179,2
179,4
182,1
182,3
182,5
183,1
183,3
183,4
184,1
184,2
184,4
184,6
185,1
185,3
185,4
185,6
188,2
188,3
189,1
189,2
189,4
190,1
190,3
191,2
191,3
191,5
191,6
191,8
191,10
191,11
192,2
192,3
193,1
193,3
193,4
195,2
195,3
196,1
196,2
199,1
199,3
199,4
200,2
200,3
200,5
200,7
200,8
200,10
200,11
201,2
201,3
202,2
202,4
203,1
203,3
203,4
204,2
205,1
205,2
206,1
206,2
206,4
207,1
207,3
209,1
209,2
209,4
212,1
212,3
214,1
214,2
214,4
215,1
215,3
217,1
217,2
217,4
219,1
219,3
219,4
221,2
221,4
223,1
223,3
223,4
225,2
225,4
228,1
228,3
228,4
229,2
229,3
230,2
230,4
230,5
230,7
230,8
230,10
231,2
231,3
232,1
232,2
232,4
233,1
233,3
236,2
236,3
238,1
238,2
238,4
239,2
239,3
239,5
240,1
240,3
240,4
241,2
241,4
243,1
243,3
243,4
246,2
246,4
247,1
247,3
248,1
248,3
248,5
248,6
249,2
249,3
250,1
250,2
250,4
250,6
250,7
252,2
252,3
253,1
253,3
253,4
254,2
254,3
255,2
255,3
256,1
256,3
257,1
257,3
257,4
258,2
258,4
259,1
259,3
259,4
259,6
260,1
260,3
261,1
261,2
261,4
263,1
263,3
265,1
265,2
265,4
266,1
266,3
267,2
267,3
268,2
268,3
269,2
269,3
270,2
271,1
271,2
272,1
272,2
273,1
273,3
273,4
274,2
274,3
275,2
275,3
275,5
276,2
276,3
277,2
277,3
278,1
278,3
279,1
279,3
279,4
279,6
280,1
280,3
281,1
281,2
282,1
282,2
282,4
284,2
284,3
285,1
285,2
286,1
286,2
286,4
286,6
287,1
287,3
287,4
287,6
288,1
288,2
288,4
289,1
289,3
290,2
290,3
291,2
291,3
293,2
293,3
294,2
295,1
295,2
296,1
296,2
297,1
297,3
297,4
299,2
299,3
300,1
300,2
300,4
300,6
302,1
302,3
303,1
303,3
304,2
304,3
305,1
305,2
307,1
307,2
307,4
308,1
308,2
308,4
309,1
309,3
309,5
310,1
310,3
310,4
310,6
311,2
311,3
312,1
312,2
312,4
313,1
313,3
314,1
314,2
314,4
317,1
317,3
318,1
318,2
319,1
319,2
319,4
321,1
321,3
322,1
322,2
322,4
322,5
324,2
324,4
325,1
325,3
325,4
326,2
326,3
326,5
329,2
329,3
330,1
330,2
330,4
332,2
332,3
333,2
333,3
335,2
335,4
337,1
337,3
337,4
339,2
339,3
340,1
340,3
342,1
342,3
342,4
344,2
344,4
346,1
346,3
346,4
348,2
348,3
350,1
350,3
350,4
352,2
352,3
354,1
354,3
355,1
355,3
355,4
356,2
356,3
357,2
357,4
357,5
357,7
357,8
357,10
357,12
357,13
357,15
357,16
361,1
361,2
361,4
362,2
362,3
362,5
363,1
363,3
364,2
364,3
366,2
366,3
369,2
369,4
370,1
370,3
370,4
371,1
371,2
371,4
373,2
373,3
374,1
374,2
374,4
375,2
375,3
376,1
376,2
376,4
376,5
376,7
377,2
377,3
377,5
377,6
377,8
378,1
378,2
378,4
380,1
380,3
380,4
381,2
381,4
383,1
383,3
383,4
384,2
385,1
385,2
385,4
385,5
385,7
385,9
386,1
386,3
387,1
387,3
389,1
389,3
391,1
391,2
393,1
393,2
393,4
394,2
394,3
397,1
397,2
397,4
397,5
398,2
398,4
398,5
399,1
399,2
399,4
400,2
400,3
403,1
403,2
403,4
404,1
404,3
405,2
405,3
406,2
406,3
407,2
407,4
407,5
408,2
408,3
409,1
409,2
409,4
409,6
411,1
411,3
411,4
411,6
415,1
415,2
415,4
415,5
415,7
418,2
418,3
418,5
418,6
421,1
421,2
421,4
421,6
421,7
423,2
423,3
423,5
423,7
423,8
426,1
426,2
426,4
426,5
426,7
429,2
429,3
429,5
429,6
431,1
431,3
431,4
431,6
431,7
431,9
431,10
432,2
432,4
432,5
433,2
433,3
435,1
435,3
435,4
436,1
436,2
436,4
436,6
436,7
436,9
437,1
437,3
437,4
437,6
439,2
439,3
439,5
439,6
440,1
440,3
440,4
440,6
440,7
440,9
441,1
441,3
441,5
441,6
442,2
442,3
443,1
443,3
443,4
443,6
443,7
443,9
443,10
443,12
443,14
443,15
443,17
444,1
444,3
444,5
444,6
446,1
446,2
446,4
446,5
446,7
449,2
449,3
449,5
452,1
452,3
452,5
455,1
455,3
455,4
458,1
458,3
458,4
461,1
461,2
461,4
461,5
464,2
464,4
464,5
467,2
467,3
467,5
468,2
468,3
471,1
471,2
471,4
471,5
474,2
474,4
474,5
477,2
477,3
477,5
480,2
480,3
480,5
483,1
483,3
483,4
486,1
486,3
486,4
489,1
489,2
489,4
492,1
492,2
492,4
492,5
495,2
495,4
495,5
498,2
498,3
498,5
501,1
501,3
501,5
504,1
504,3
504,4
507,1
507,3
507,4
510,1
510,2
510,4
510,5
511,2
516,1
516,2
516,4
516,5
516,7
516,9
516,10
517,1
517,2
517,4
517,5
518,1
518,3
518,4
518,6
521,1
521,3
521,5
521,6
523,1
523,2
523,4
523,6
526,1
526,3
526,4
526,6
526,7
526,9
529,1
529,2
529,4
529,5
529,7
530,2
530,3
532,1
532,2
532,4
532,5
533,1
533,3
533,4
534,1
534,2
534,4
534,6
535,1
535,3
535,4
536,1
536,2
536,4
540,1
540,2
540,4
540,5
540,7
541,1
541,2
541,4
541,5
541,7
542,1
542,3
548,1
548,2
548,4
548,5
548,7
548,9
548,10
548,12
548,13
548,15
552,2
552,3
552,5
552,6
552,8
552,9
552,11
554,2
554,3
554,5
554,6
554,8
555,2
555,3
558,1
558,2
558,4
558,5
558,7
561,2
561,3
561,5
561,6
561,8
563,2
563,3
563,5
563,6
563,8
564,1
564,3
565,1
565,2
565,4
565,5
567,2
567,4
567,5
567,7
568,1
568,3
569,1
569,2
570,1
570,2
570,4
570,5
570,7
572,2
572,3
572,5
572,6
573,1
573,3
573,4
573,6
575,1
575,3
575,4
575,6
577,2
577,3
577,5
577,6
578,2
578,4
578,5
578,7
579,1
579,3
579,4
579,6
579,8
579,9
579,11
579,12
582,1
582,3
582,6
582,7
584,2
584,3
584,5
585,1
585,2
585,4
585,5
585,7
586,1
586,2
586,4
587,1
587,3
591,1
591,2
591,4
591,5
591,7
591,8
591,10
591,12
591,13
591,15
591,16
592,2
592,4
592,5
595,1
595,2
595,4
595,5
598,1
598,3
598,4
598,6
598,7
598,9
599,1
599,2
599,4
600,1
600,3
600,4
601,1
601,3
601,4
603,1
603,2
603,4
603,6
604,1
604,3
604,4
604,6
604,8
607,1
607,3
607,4
607,6
607,7
613,2
613,4
613,5
613,7
613,8
613,10
613,12
613,13
615,2
615,3
615,5
615,6
619,2
619,4
619,5
619,7
619,8
620,2
620,4
620,5
620,7
621,1
621,3
621,4
621,6
621,8
625,1
625,3
625,4
625,6
625,8
625,9
625,11
625,12
626,2
626,3
626,5
626,7
627,1
627,3
628,1
628,3
628,5
628,6
628,8
628,9
630,1
630,3
630,4
633,1
633,2
633,4
633,5
633,7
641,2
641,3
641,5
641,6
641,8
641,10
641,11
642,2
642,3
642,5
644,1
644,3
644,5
644,6
645,2
645,3
645,5
645,7
645,8
647,1
647,2
647,4
647,5
648,1
648,3
648,4
648,6
648,7
648,9
648,11
648,12
649,2
649,3
649,5
650,2
650,3
651,2
651,3
651,5
652,1
652,3
652,5
654,1
654,3
654,4
654,6
7,3
655,2
655,3
656,1
656,2
656,4
656,5
656,7
0,6
0,49
656,6
656,3
655,4
655,1
654,5
654,2
652,4
652,2
651,4
651,1
650,1
649,4
649,1
648,10
648,8
648,5
648,2
647,6
647,3
645,9
645,6
645,4
645,1
644,4
644,2
642,4
642,1
641,9
641,7
641,4
641,1
633,6
633,3
630,5
630,2
628,10
628,7
628,4
628,2
627,2
626,6
626,4
626,1
625,10
625,7
625,5
625,2
621,7
621,5
621,2
620,6
620,3
620,1
619,6
619,3
619,1
615,4
615,1
613,11
613,9
613,6
613,3
613,1
607,5
607,2
604,7
604,5
604,2
603,5
603,3
601,5
601,2
600,5
600,2
599,3
598,10
598,8
598,5
598,2
595,6
595,3
592,6
592,3
592,1
591,14
591,11
591,9
591,6
591,3
587,4
587,2
586,3
585,8
585,6
585,3
584,6
584,4
584,1
582,5
582,2
579,13
579,10
579,7
579,5
579,2
578,6
578,3
578,1
577,4
577,1
575,5
575,2
573,5
573,2
572,7
572,4
572,1
570,6
570,3
569,3
568,4
568,2
567,6
567,3
567,1
565,3
564,4
564,2
563,7
563,4
563,1
561,7
561,4
561,1
558,6
558,3
555,4
555,1
554,7
554,4
554,1
552,10
552,7
552,4
552,1
548,14
548,11
548,8
548,6
548,3
542,4
542,2
541,6
541,3
540,8
540,6
540,3
536,5
536,3
535,5
535,2
534,5
534,3
533,5
533,2
532,6
532,3
530,4
530,1
529,6
529,3
526,10
526,8
526,5
526,2
523,5
523,3
521,7
521,4
521,2
518,5
518,2
517,6
517,3
516,11
516,8
516,6
516,3
511,3
511,1
510,3
507,5
507,2
504,5
504,2
501,4
501,2
498,4
498,1
495,3
495,1
492,3
489,5
489,3
486,5
486,2
483,5
483,2
480,4
480,1
477,4
477,1
474,3
474,1
471,3
468,4
468,1
467,4
467,1
464,3
464,1
461,3
458,5
458,2
455,5
455,2
452,4
452,2
449,4
449,1
446,6
446,3
444,7
444,4
444,2
443,16
443,13
443,11
443,8
443,5
443,2
442,4
442,1
441,4
441,2
440,8
440,5
440,2
439,7
439,4
439,1
437,5
437,2
436,8
436,5
436,3
435,5
435,2
433,4
433,1
432,3
432,1
431,8
431,5
431,2
429,7
429,4
429,1
426,6
426,3
423,9
423,6
423,4
423,1
421,5
421,3
418,7
418,4
418,1
415,6
415,3
411,7
411,5
411,2
409,5
409,3
408,4
408,1
407,3
407,1
406,1
405,1
404,2
403,3
400,4
400,1
399,3
398,6
398,3
398,1
397,3
394,4
394,1
393,3
391,3
389,4
389,2
387,2
386,2
385,8
385,6
385,3
384,3
384,1
383,2
381,3
381,1
380,2
378,3
377,9
377,7
377,4
377,1
376,6
376,3
375,4
375,1
374,3
373,4
373,1
371,3
370,5
370,2
369,3
369,1
366,1
364,1
363,2
362,4
362,1
361,3
357,17
357,14
357,11
357,9
357,6
357,3
357,1
356,1
355,2
354,2
352,4
352,1
